[11, 28, 169, 152, 157, 42, 12, 139, 44, 41, 112, 8, 117, 125, 72, 81, 99, 84, 13, 40, 162, 108, 126, 124, 7, 114, 113, 158, 151]
[20, 19, 14, 39, 164, 18, 22, 30, 157, 35, 77, 52, 3, 97, 101, 137, 125, 127, 109, 27, 6, 149, 126, 165, 1, 2, 4, 76, 36, 158]
[9, 153, 62, 111, 11, 164, 167, 70, 60, 17, 5, 18, 139, 168, 154, 143, 10, 129, 156, 34, 128]
[29, 104, 148, 97, 91, 89, 147, 15, 108, 146, 85, 90, 165, 38, 92, 37, 130]
[55, 53, 150, 61, 64, 63, 75, 51, 73, 71]
[108, 130, 106, 131, 158, 151, 45, 93, 80, 79]
[113, 116, 144, 79, 95, 98, 119, 120]
[140, 118, 96, 94, 145, 115, 112]
[33, 32, 31, 155, 34, 161, 110, 160, 26]
[137, 102, 24, 166]
[47, 65, 48, 49, 54, 56, 72]
[72, 159, 50, 74, 82, 81]
[70, 59, 58, 67, 66, 55]
[56, 57, 68, 69, 60]
[43, 100, 83, 87, 88, 75]
[25, 103, 23, 165]
[21, 132, 134, 136, 90]
[138, 135, 133, 163, 91]
[120, 122, 141, 142]
[3, 16, 0]
[123, 121, 140]
[86, 78, 46, 152, 107, 105, 104]
